100
67 99
71 21
68 72
59 38
36 34
79 48
63 5
30 88
76 64
1 26
34 98
51 38
99 80
32 92
40 88
88 73
53 63
15 18
49 97
64 40
3 6
47 5
16 32
12 53
93 59
84 97
91 97
88 18
96 78
45 55
79 2
81 18
67 70
74 64
48 53
65 62
88 93
67 97
21 14
93 87
32 52
96 2
72 5
63 93
97 38
38 14
1 39
38 67
76 8
91 37
69 8
53 92
52 59
82 98
89 58
31 89
56 63
54 85
30 45
77 90
67 61
40 77
91 17
88 45
20 66
79 50
80 50
11 26
95 50
7 68
99 46
19 85
42 49
54 53
50 10
11 40
41 39
59 10
27 82
96 30
30 87
94 92
11 78
22 52
7 0
75 80
87 69
1 16
20 52
92 23
53 55
51 35
60 22
45 37
18 65
92 83
12 99
77 12
34 87
6 29
52 88
26 85
69 10
91 19
65 34
64 0
28 90
24 59
78 79
6 33
72 86
64 69
13 17
30 63
37 61
31 25
16 3
29 85
25 84
83 78
71 73
63 79
20 29
12 64
28 75
90 92
98 50
91 80
50 62
80 7
83 14
68 83
23 94
27 97
42 65
61 30
61 16
6 5
62 73
4 32
96 23
43 56
15 37
43 12
46 90
0 22
98 23
61 74
94 88
9 26
33 9
93 89
44 76
33 41
41 72
21 18
74 52
84 1
30 47
56 34
26 98
59 21
32 19
10 94
13 55
17 89
8 69
18 51
6 78
36 97
92 93
20 37
75 24
68 51
37 3
19 92
66 6
83 43
48 39
40 22
89 36
35 69
29 61
76 42
31 6
19 23
52 76
82 52
80 44
67 12
41 4
72 37
3 73
32 92
1 75
66 73
60 86
22 45
86 3
58 25
25 63
69 81
74 58
17 66
94 25
74 69
95 96
76 57
68 74
83 34
53 64
36 3
82 33
90 36
33 93
70 99
79 23
45 50
31 82
61 20
29 53
58 51
48 33
44 83
84 71
5 31
21 84
97 95
96 18
39 71
45 87
71 99
30 80
67 49
47 17
48 24
23 53
25 13
38 18
99 32
37 20
29 91
30 7
36 85
22 83
66 22
24 88
57 60
22 86
40 29
62 80
86 97
31 65
52 41
12 21
41 19
2 65
3 18
89 59
44 71
60 92
77 28
75 79
2 45
73 47
41 35
8 46
21 26
46 10
48 45
25 98
95 97
82 85
99 16
28 53
85 97
10 79
93 36
53 80
0 27
90 96
84 43
42 46
79 19
11 97
99 9
20 83
16 94
0 93
82 86
25 4
91 40
4 0
75 16
33 81
13 70
47 32
10 89
77 72
62 7
